/home/gloria/anaconda3/bin/python /home/gloria/NBIS_python-master/dataanalyze.py
samepicture 64
samefinger 352
different 3680
samefinger result:
0 2
3 8
4 9
5 5
6 4
7 8
8 8
9 5
10 3
11 3
12 1
13 4
14 1
15 4
16 7
17 3
18 8
19 6
20 4
21 2
22 1
23 1
24 3
25 6
26 13
27 4
28 2
29 4
30 1
31 1
32 4
33 3
34 4
35 6
36 6
37 4
38 4
40 2
42 10
43 2
44 2
45 2
46 2
47 7
48 6
50 2
51 5
52 3
54 3
55 1
56 3
57 2
58 6
59 4
60 1
62 2
63 3
64 1
65 3
66 2
67 1
68 3
69 1
70 3
71 8
72 2
73 2
75 2
77 1
78 2
79 6
80 2
82 1
83 1
84 3
85 3
87 6
88 3
89 2
91 1
92 1
93 2
94 3
101 2
103 1
104 6
105 2
106 4
107 4
109 2
112 2
113 3
114 1
119 1
123 2
124 4
126 1
127 1
129 2
130 1
132 1
139 1
140 1
144 1
153 1
154 2
156 2
157 1
161 1
163 2
164 2
170 3
samepicture result:
69 1
96 1
107 1
125 1
136 1
140 1
146 1
152 1
170 1
174 1
175 1
191 1
202 1
206 1
210 1
211 1
212 1
222 1
225 1
226 1
227 1
228 1
243 2
247 1
257 1
258 1
263 1
271 1
275 1
279 1
284 1
292 1
294 1
303 1
315 1
316 1
334 1
345 1
349 1
361 1
379 1
385 1
399 1
402 1
418 1
419 1
421 1
425 1
428 1
431 1
451 1
464 1
468 1
470 1
476 1
478 1
479 1
487 1
489 1
499 4
different result:
0 285
3 640
4 632
5 562
6 427
7 291
8 215
9 156
10 90
11 59
12 67
13 61
14 53
15 35
16 23
17 20
18 16
19 3
20 11
21 11
22 7
23 4
24 3
25 2
26 2
27 1
29 2
30 2

Process finished with exit code 0

